- model: budget.income
  pk: 1
  fields:
    name: Salary
    description: Salary
    value: 50
    budget: 1
    category: 1
    date_added: 2022-03-10 10:54:01.616365+00:00
    date_modified: 2022-03-10 10:54:01.616568+00:00
- model: budget.income
  pk: 2
  fields:
    name: Service offer
    description: Service offer
    value: 100
    budget: 1
    category: 2
    date_added: 2022-03-10 10:55:40.144554+00:00
    date_modified: 2022-03-10 10:55:40.144780+00:00
- model: budget.income
  pk: 3
  fields:
    name: Service offer
    description: Service offer
    value: 80
    budget: 2
    category: 2
    date_added: 2022-03-10 10:56:14.785815+00:00
    date_modified: 2022-03-10 10:56:14.786026+00:00
- model: budget.income
  pk: 4
  fields:
    name: Service offer
    description: Service offer
    value: 100
    budget: 3
    category: 2
    date_added: 2022-03-10 10:56:23.649777+00:00
    date_modified: 2022-03-10 10:56:23.649982+00:00
